software	approach	depth	depth_bed	depth_covered	depth_covered_bed	bed	depth_genetic	depth_genetic_covered	2018-09-19	2018-09-19_covered
minimap2	minimap2_asm5	2503314	457652	2489881	456029	60036753	2332093	2320162	353993	348042
minimap2	minimap2_asm10	18445054	3401133	17913090	3347285	60036753	17619682	17118348	2354836	2259444
minimap2	minimap2_asm20	52224881	11113820	49024035	10680401	60036753	47118588	44182530	7728976	7132545
MUMmer4	MUMmer4	70953295	16073863	69514918	15687267	60036753	61402015	60194318	10169800	9987182
GSAlign	GSAlign	23870692	5341494	23114133	5138842	60036753	21659744	21015569	3322894	3214544
LAST	LAST many-to-many	597884081	33554729	594220046	32598984	60036753	118438260	116732768	365399859	364395540
LAST	LAST many-to-one	547513366	32593361	541455727	31471791	60036753	113229899	110793737	337208689	335012548
LAST	LAST one-to-one	129898533	23170062	127859061	22483132	60036753	62730883	61595170	46540254	46169395
AnchorWave	AnchorWave	1870770572	57164808	125848664	34133000	60036753	150034551	68301524	1308576282	27551272
